Sigma,Signficance
0.01,0.6982199999999998
0.02,0.71123
0.03,0.7241
0.04,0.7400800000000001
0.05,0.7488
0.060000000000000005,0.7602200000000001
0.06999999999999999,0.7737499999999999
0.08,0.7844900000000001
0.09,0.7930600000000001
0.09999999999999999,0.8050499999999999
0.11,0.8151000000000002
0.12,0.8236100000000001
0.13,0.8324200000000002
0.14,0.8413700000000001
0.15000000000000002,0.8489700000000001
0.16,0.8563000000000001
0.17,0.86481
0.18000000000000002,0.87288
0.19,0.87766
0.2,0.8841699999999999
0.21000000000000002,0.89291
0.22,0.8976099999999999
0.23,0.9037199999999999
0.24000000000000002,0.91019
0.25,0.9154399999999999
0.26,0.91837
0.27,0.9237500000000001
0.28,0.92857
0.29000000000000004,0.9308400000000001
0.3,0.93563
0.31,0.94078
0.32,0.94375
0.33,0.9468
0.34,0.95046
0.35000000000000003,0.9526
0.36000000000000004,0.9552099999999999
0.37,0.9590799999999999
0.38,0.96054
0.39,0.9628099999999998
0.4,0.9646600000000001
0.41000000000000003,0.96782
0.42000000000000004,0.9696799999999998
0.43,0.9713100000000001
0.44,0.97305
0.45,0.97599
0.46,0.97669
0.47000000000000003,0.9785900000000002
0.48000000000000004,0.9793099999999999
0.49,0.98146
0.5,0.98217
0.51,0.9831100000000002
0.52,0.9842099999999998
0.53,0.9844700000000002
0.54,0.9864
0.55,0.98736
0.56,0.9872799999999999
0.5700000000000001,0.9884700000000001
0.5800000000000001,0.99016
0.59,0.99031
0.6,0.9907099999999998
0.61,0.9914099999999999
0.62,0.9923
0.63,0.9924999999999999
0.64,0.99293
0.65,0.9936400000000001
0.66,0.99429
0.67,0.994
0.68,0.99426
0.6900000000000001,0.9950299999999999
0.7000000000000001,0.9951699999999999
0.7100000000000001,0.9960699999999999
0.72,0.9960199999999999
0.73,0.9963900000000001
0.74,0.9967499999999999
0.75,0.99681
0.76,0.99734
0.77,0.99732
0.78,0.9971300000000001
0.79,0.99766
0.8,0.99777
